nsubj -0.16700462 -0.48181906 0.33420265 -0.80000657 0.58769023 -0.45270234 -0.68068594 0.51490235 0.21120138 -0.2651734 0.6977051 0.81653446 0.9047763 -0.56046647 -0.17992473 -0.70122975
obj -0.069609605 -0.47113422 0.281544 -0.715251 0.50816923 -0.43902665 -0.5684853 0.504977 0.26094785 -0.1228812 0.7805524 0.8921227 0.93637073 -0.5609332 -0.10222615 -0.6768013
punct -1.2528484 -0.35940152 -0.8098593 -0.99731886 -0.5308558 -1.2601527 -1.5728574 -0.17401566 -0.9108751 -0.113968514 -0.17518352 -0.35324177 0.18640988 -0.6754651 -1.3249075 -1.4097939
ccomp 0.24463396 -0.07123621 -0.10681159 0.12820385 -0.26966372 -0.19345845 -0.078815125 -0.22305709 0.33042985 0.38728952 0.35533345 0.30075198 0.30412605 -0.102421366 -0.10478676 0.18356065
xcomp -0.19783747 0.29717246 0.087909155 0.69236517 -0.30660182 0.41247693 0.41829497 -0.17722917 -0.4772458 0.08428172 -0.5945699 -0.7204924 -0.62215555 0.77642035 -0.30927372 0.67628545
conj 0.21147683 0.18313548 0.1815084 0.034839753 0.19221784 -0.0275778 -0.09651724 -0.15389697 0.022351775 -0.11429718 -0.06749726 0.19960535 0.06379937 0.03246621 0.05012359 -0.030006
compound -0.181294 -0.034384646 -0.109432556 -0.21405143 0.24276643 0.055848088 0.15994217 0.036640514 -0.2983564 -0.051558018 0.15867797 0.23366794 -0.24157734 0.2261609 -0.05653771 0.18197732
parataxis 0.38028532 0.09750595 0.065971814 0.11081075 0.07654818 -0.28430527 0.094959974 -0.11731421 0.25682327 0.38145214 -0.32255086 0.037788145 -0.13868444 0.43531382 -0.08736238 0.15620504
advmod 0.02855604 0.4056169 0.06186555 -1.1120969 0.15097864 -1.0218883 -1.087672 -0.6473714 0.10266003 -0.56179225 -0.53825015 -0.6115871 0.9552147 -1.0394188 -0.3956046 -0.4380718
root 0.9561618 0.89943856 0.70636094 1.2551202 0.70516026 1.1027334 1.3041492 0.6836581 0.6969388 0.48310742 0.5849766 0.3869394 0.41190886 0.73603684 0.87186384 1.1123065
nmod -0.15074639 -0.036355298 0.25136873 -0.61571896 0.433929 0.3833356 -0.24568562 0.57528317 0.40430868 -0.38313028 0.48937416 0.14465499 0.5497474 0.1993799 -0.27575332 -0.68490857
advcl -0.007874337 -0.6221282 0.5336115 -0.369927 0.30023456 -0.8028822 -0.011631075 0.42153376 0.07417122 0.48416924 0.6700363 0.6679834 0.83891714 -0.53099823 0.58991784 -0.59433097
amod 0.2712924 0.08904347 0.17457527 0.41650712 -0.5783955 0.7206296 0.47468284 -0.33318242 -0.23819411 -0.102144465 -0.48197868 -0.62030554 -0.6259685 0.41793644 0.1402974 0.7036521
aux -0.22577094 -0.41331092 0.045430545 -0.97905815 0.45727316 -0.9244952 -0.34855318 -0.83089215 0.5466646 -0.52018464 -0.6634631 -0.09631857 0.8994756 -0.98846835 0.12174246 -0.56226444
det -0.39852896 0.8811084 -0.42041454 -0.20847692 -0.44453382 -0.27357504 -1.1387162 -0.46323806 -0.13709351 0.41890916 0.09432969 -0.24997008 0.044736996 0.7398894 -0.81027555 0.101463504
cc 0.44197556 -0.09721691 0.48068708 -0.7906417 -0.702592 -0.31766185 -0.8862229 -0.7699025 -0.48310477 -0.5750895 -0.9524837 -0.6251283 0.7103391 -1.009669 -1.1985255 -0.20303933
csubj -0.16216566 0.6324982 0.08620489 0.08000804 0.50628513 0.89311475 0.19670111 0.27656382 0.63920295 0.45531556 0.50693715 0.2545399 0.8588839 0.3661158 0.40226743 -0.5172509
obl -0.25128344 -0.44887874 0.15200953 -0.7687277 0.4418531 -0.21896353 -0.36154154 0.5622861 0.35161388 -0.019366002 0.7402087 0.8272133 0.8766404 -0.6644208 -0.18942723 -0.7416358
nummod 0.2723475 0.6636162 0.3732183 -0.38243142 -0.9493622 0.0019414633 -0.5233756 0.016276367 -0.2757218 -0.71594435 -0.78593224 -0.75486225 -0.65822744 -0.105014406 0.37931672 0.9804435
discourse -0.92349315 1.2787784 0.09521883 0.6524798 0.31593925 0.48537385 0.38159418 -0.2567777 -0.056245055 0.52244157 0.56722003 0.7004066 -0.17668806 0.42783895 0.20644398 -0.07755091
case 0.22697796 0.6172315 -0.06292334 0.6791212 -0.6842645 -0.10547408 0.28246817 -0.8374077 -0.7888676 0.18774624 -0.95964164 -0.8780874 -1.174488 0.6369047 -0.4765218 0.8644951
dep 0.75568366 0.40727812 -0.1061609 0.07270183 0.7284452 0.346484 -0.5122176 0.7725588 0.60120875 -0.29515064 0.2867756 0.12655593 -0.0020010218 0.33089012 0.8842711 0.14082266
cop 0.43673196 -0.7254089 0.3595499 -0.97857153 -0.8252392 -0.22040857 -0.4158627 -0.6386449 -0.4856566 -0.58320487 -0.97445476 -1.0843235 0.28104892 -0.90029114 -1.5617397 -0.46862605
mark -0.32612464 0.11283365 0.3739199 0.4245981 0.7361455 0.48776108 0.2466364 -0.013564844 0.018663485 -0.18137708 0.6207997 0.11991606 0.20856966 0.31745908 -0.04153925 -0.51397413
appos -0.1719697 0.2980784 0.4843269 0.15703596 0.12332518 0.7128213 0.13256714 0.22423862 0.80996764 0.9345597 0.13201186 0.32002312 0.51221615 0.38718495 -0.55649984 0.23668651
list -0.0074449037 0.3415321 0.38776824 0.6108711 1.5662029 0.113563254 -0.07309642 1.1234121 0.62556595 0.523512 -0.11297449 0.43259254 0.5144054 0.46785396 -0.07399027 0.8562618
iobj 1.25494 1.1818908 -0.46775094 0.88321984 0.531135 -0.1725308 0.8489608 -0.14437403 0.19206436 -0.44228548 0.55249405 0.8935416 0.47311586 0.7981158 0.20526215 0.38936538
NA 0.7447871 0.7705501 0.21421833 0.8431882 0.11887759 0.75269467 0.5997084 0.3167975 0.647981 0.3375847 0.83828676 0.1959206 0.31636202 1.0124255 -0.06317721 0.63544744
vocative 0.5656531 1.2398999 0.37107995 0.8404452 0.23108791 0.73095 0.6628283 0.19645831 0.03646618 0.33110803 -0.50402266 0.16409227 0.6249589 0.1133602 0.94287694 0.9632365
