conj -0.0034633043583472186 -0.0026001909440596977 0.0006703344306955459 -0.002131415502009399 -0.0003543371683253981 -0.001407663646292901 -0.0021101618021216054 -0.0023073672820048577 0.0025220768008259024 -0.0021625390822500993 -0.001599453418653899 -0.002161216313999854 0.002355142939285215 0.0016078963169417653 -0.00039739289805733454 -0.0049528939472859275
punct 0.1641309765500097 -0.391026718822645 -0.817214445893864 -0.1642126991309896 0.658611844639196 0.6994573262221049 1.4371243334748338 -0.7795205605876094 -0.5065197132773064 -0.6620759646018071 1.2817883341903453 -0.974976617546445 0.19662323828024308 0.7548423646252556 -1.5729956279972948 -1.0014290300654614
case 0.5688473537381817 0.24575100652806306 -0.3903834166011646 0.36855969301807806 0.0951654627526274 0.7551353257433282 0.7472928411075528 0.5251087566841813 -0.6240771109419978 -0.07442872877689825 -0.16555536906671803 0.5075091451456633 -0.8359820850329565 -0.4321211995133124 -0.4054588305382872 0.2738999253816285
amod 0.6303345202813195 0.09300709049579549 -0.16342983431403713 0.2561251244688014 0.3476140049026004 0.5546753694222107 0.4332940880913424 0.7251094931484788 -0.7920214722093369 0.47372315436562773 -0.6078244341696871 0.6594784050950344 -0.799218323399165 -0.46286241032584186 0.3102016281257992 0.4096776980164544
aux 0.0028405499907063407 0.003521276114182781 -0.00330210771688029 0.002020065014532954 0.0017649103339404662 0.008548856183732299 0.009742705380065634 0.004824748341817313 -0.007491516517641608 -0.00544461285312643 0.00018868803947709434 0.0010476821635468988 -0.00760572625139326 -4.873550768893554e-5 -0.006970114549304794 0.0018233807638399083
obl -0.48709120891527574 -0.12494401121557565 0.0010312346755623903 -0.15223246771511068 -0.21422769640592362 -0.3793432254107786 -0.17157891350175586 -0.6292312991777683 0.6292641026564235 -0.4307323899369262 0.5753670964589066 -0.5829270121337276 0.6446978425559997 0.4281852314471537 -0.39633495114133493 -0.36540867288159
nsubj -0.48873058219357335 -0.11910434475494165 -0.002672316374259305 -0.14665507114922074 -0.2161599190253082 -0.38180008313889874 -0.16856869832210822 -0.63297239769888 0.6295060462884486 -0.43488100215030623 0.5839119340723282 -0.5871865816295906 0.648003522149496 0.425371153600047 -0.39940180397521163 -0.3654958832851368
advmod -0.0009024450758607928 0.11165530501565789 -0.4370961805715284 0.2313132530667403 -0.15406513851230427 0.34894699324769884 0.5655464776654563 -0.24750077346370397 0.1455226560467669 -0.5664890512618951 0.5187888623165352 -0.15814632537796272 -0.11038115870059162 0.030626464928691574 -0.8667279620287969 -0.12290443144243111
mark 0.06263440760919498 0.1158249738697789 -0.38866852186762035 0.20741416237611943 -0.11663870375636406 0.35554900348463464 0.5609418601014653 -0.12354543033718472 0.02477041045129249 -0.5013040308130045 0.4299929509213286 -0.09780893916717463 -0.1640013898310587 0.017783562357509074 -0.7947712945058131 -0.10054554009199293
compound 0.13270481496874914 -0.11702052985289295 -0.2906616926534674 -0.048014001981927346 0.13522599141188804 0.242087526452904 0.3974745901690975 0.19513245176175367 0.02467173662074545 -0.13652103978266647 0.18453637425133568 0.19664323063857844 0.016578131175641355 0.10467774209460613 -0.3358883442248729 0.09262418641640245
acl 0.48504998210968087 0.11993653184138073 -0.003414543140689752 0.150424151390481 0.21451127686855898 0.37968678213333434 0.17220651737726456 0.6285630567137409 -0.6233121526096269 0.42671871369482456 -0.5727972220027819 0.5806267896584968 -0.639928614542743 -0.4232642336535302 0.3900135635862025 0.36643558715311986
obj -0.48923113116242073 -0.12315886772434048 -0.0014199837487101975 -0.14787064848346856 -0.21648310376407964 -0.3830746974491537 -0.16428855717692278 -0.6303885453999931 0.6289632352740391 -0.43310290271828944 0.5833904112930992 -0.5848918949466144 0.6433861330644476 0.4268494365633697 -0.4006860387894165 -0.37083342020591664
advcl -0.001049710859136595 -0.0027505085988752983 -0.0026252214595896303 -0.0023694144975459704 0.00010579114872981247 -0.002463857215913473 0.0003731782924743608 -0.002874531817555645 0.0031742057250236243 0.0009859193391533597 0.004365228645888351 -0.0009314399031657158 0.004702952403706844 0.002602280432720767 -0.0007760864978836766 -0.0018755014693740107
det 0.5888118751423567 0.33181709874639487 -0.2950811783196212 0.23573425600464185 0.3497395167628914 0.6506434040557574 0.8622681723843161 0.6795023992952042 -0.8590131391818439 0.24976544095778352 -0.058329369197696886 0.32733700226178214 -0.864935934398999 -0.28272117926300144 -0.27128925071648136 0.277667615439075
ccomp -0.0034537140456981 -0.0005871392937641995 0.002221846481390543 -0.0008958953220619724 -0.004232275476703725 -0.0031996497204939125 -0.003747209983560367 -0.0007859996559025562 0.005697091481588479 -0.0018441860926726307 9.057625392757572e-5 1.8440346309275493e-5 0.004340409866271631 0.0020798292313810502 0.0009083471617256947 0.0015802448604812014
xcomp -0.000974331340873558 -0.0012638891028037874 0.001984903010064325 -0.0013025938606819705 0.0006576650206355044 -0.0014214765117233443 -0.001746256219955609 -0.0019467511532038297 0.001961311207153199 -7.201414266902223e-5 -0.0012882717754778613 3.259855960860193e-5 0.003996784158547564 0.0017381680008803568 0.0013378370352628423 6.280019126440187e-5
cop 0.47561032520832275 0.12258534453642012 -0.008385573987411235 0.14723695980283039 0.21429694796132445 0.3884543876057765 0.19891700631007725 0.6151315147493284 -0.6253099173618469 0.40305609604480375 -0.5532540818814137 0.5555048065152717 -0.6392416744667223 -0.407501072790365 0.3535040056342221 0.3521893968205748
nmod 0.0001214914569643264 -0.0013091822152874184 -0.0034391611050845552 0.0007909900657413108 0.003512527474077339 0.004045509888714008 0.01069447179840989 0.00014699740572071104 -0.001345812335682928 -0.0038175116084310456 0.006515703415092457 -0.0041316555463894785 -0.00021296761074888126 0.0035595571712472075 -0.008602839924227543 -0.0022663325561258474
cc 0.337161754543966 -0.4222171160242124 -0.14294642386774817 0.8333819659884188 0.8516325481918855 0.3198878061656679 2.117432513959197 -0.6907120232789943 -1.2182685411320964 -1.195109187590279 1.4750009434126723 -0.7753835490110563 0.34130326458477744 -0.5953357312625934 -1.6549807333124584 -1.1838238598907143
_ -0.9640669790270984 0.6760355064000859 -1.2010024350204445 1.0934730883693042 -0.0026688944978501303 -0.4809430560019976 0.4869973902580572 -0.2766455468620148 0.1359961976020351 -0.21616042868430238 1.5829649398447037 -1.5557844517549686 1.0471774702942829 -0.5929948973945616 -0.7322716494738696 0.2572220289850668
nummod 0.5154998383200532 0.1827233965601949 -0.5470598319465474 -0.13743082613528163 0.5122926762310552 0.08198443354715225 0.7121836909052229 0.48810407461806143 -0.6142538818676593 0.41841718319063437 0.17600933090251433 0.41588883447180797 0.08532182157309484 0.14965478900358456 0.10403477140330389 0.3441306292037815
appos 0.026859064141502298 -0.015590953353542738 -0.009116236247282652 0.00969801857210119 0.03833217108293259 0.03251037776848167 0.026188074804964722 0.00421347200337956 -0.03389748836178312 0.01222395698863215 -0.009775461968299842 -0.001389451867071176 -0.021918597324854613 -0.009150815906322933 -0.0008972641851732409 -0.01653231842620211
parataxis -0.0021713311685851895 -0.001226428836622923 0.0021855563785092213 -0.0003226407583681855 -0.0028749546170915015 -0.0025296067825496984 -0.0011404777556627528 -0.00024245159550834422 0.0014094997783693768 -0.0001615553265266167 -0.0005349097914518501 0.0002844937273389313 0.00035327515512152723 8.523035120741926e-5 0.0018068843002609324 0.0018417314834762752
root 0.14159818862333615 0.23225885162480855 0.6371542129132786 0.22975429295654332 -0.5094851916497396 -0.49972927485719365 -1.1038443345560103 0.6432178803829933 -0.18593540614372997 0.9681269508972273 -1.2564560528396953 1.0212726800183725 -0.7360739005851706 -0.4558304712335936 1.3122407166211465 0.48509726176547774
csubj 0.01914247541054721 0.0006851751142670062 0.014474765710890515 -0.009122199456514673 0.009240211446818473 0.010752284039116936 0.0058281832219946065 0.021526442037388047 -0.026435810577267647 0.008108046329639202 -0.022150093987110694 0.012329036160486088 -0.015589031956787302 -0.012178740654271207 0.012412681605755132 0.009479527795482086
discourse 0.013467749507576744 0.13434757003291503 -0.4759963056842251 0.20570865778800446 -0.13735619242664016 0.35274458793500746 0.6723774324174281 -0.2960153757289283 0.16996565746424847 -0.5927733443691626 0.5542024411560506 -0.1557705767296569 -0.13467674498681176 0.022797083293969983 -0.9387781394742506 -0.10635481403706047
flat 0.7508354323971697 0.21129103158655724 -0.06365469852197563 -0.0036815820233022413 0.5152241497747255 0.8820372580229863 1.1623793036296006 -0.081268004278723 -0.642995309222765 -0.07097616759154245 0.3063828605997886 0.35896057134370774 -0.349243022813213 -0.45794455521435906 -0.7183801264647772 -0.34849651403947646
goeswith 0.1178589423302596 0.43670962269482033 0.30698204491411735 0.3614353129549507 0.17225110555673126 0.3663822209712343 0.6265928764916838 -0.46040011613794407 -0.7661983365545709 -0.23116089615449809 0.6248312667341589 -0.6622192712845213 -0.7213990767788659 -0.37190595440735563 -0.4198151646439803 -0.6800491782094703
vocative -0.5353277368850312 -0.1598415414404628 -0.4303459713212738 0.09939779374820007 0.08144402701763068 -0.48800283097958347 0.39795125852892177 -0.6885608079872231 0.6112842433326242 -0.45137024756379 1.0218414284230293 -0.9130999258289985 0.8046350582066985 0.8594877833130663 -0.8047956556989001 -0.6076374466738842
list 0.3760810388470702 0.46719004701249617 0.07420314029302164 -0.07397757652781717 0.42191763276848054 0.914842581027693 0.85196974996915 -0.13879329271157256 -0.2852224856664192 -0.6388221604091047 -0.06374938745017933 -0.15289631804722717 0.30386483359603256 -0.578969725461562 -0.9555182246548984 -0.41619190656891086
expl -0.48854813526926305 -0.11088941318081126 -0.007793691885406087 -0.1441100837773206 -0.22214192049516482 -0.3746313067591593 -0.1581966167493437 -0.6279935818004043 0.6271925401424924 -0.43600585933099995 0.5807164057747544 -0.5860124031214814 0.6321268965648247 0.42687558517335955 -0.406484342164703 -0.3680859775148153
iobj -0.48659831058802655 -0.11818339107067283 -0.002114384554123537 -0.1509818504978523 -0.2164076315923155 -0.3781261862727277 -0.16739831272948813 -0.6178805411020968 0.6300007519699872 -0.43151505501919163 0.5730399652594932 -0.5727122890302977 0.6395092402120516 0.4262802087295637 -0.3937444774108757 -0.3588617964880199
reparandum 0.9713187422220823 0.4939213638124801 0.42511204983893125 0.3745307678533886 -0.1577202896683642 0.27575950603188953 1.848413784796797 2.108180839791761 -0.23893126623942765 0.6666298348753541 0.5199677044577888 -0.2886051597728175 -0.2387873079095374 -0.6017053458205456 -0.9182080983225125 1.052033162593598
orphan 1.2873427882783837 0.18731613922623908 -0.7012633434704266 0.1714731129055942 0.532812069046152 1.1640422631839107 0.9434485568187851 1.3249639725733728 -1.441773666255006 0.8060782819814027 -1.2003373346210233 1.1959884906458196 -1.5475541159233903 -0.8286256659517968 -0.21592005977460443 0.552995768639707
NA 0.1611505724900216 0.19105279426544988 -0.7938565331799625 0.07254162156657136 0.40324928652996944 0.2777494552206403 1.5147399137971838 -0.6925592325990684 -0.12384555797123811 -0.7106453849583008 1.1732695500664827 -1.6068135086983235 1.0636553721998478 0.04399007674405946 -1.3864154858424333 -0.17590958390429765
fixed -0.004309870342204402 -0.022086050296068378 0.025619973028432715 -0.041093673962875235 0.04098843822707168 -0.033862593702435294 -0.01665058156127617 0.01104658417756311 -0.015621992027419469 0.038091174454698846 -0.016614230508466856 -0.015100635224423382 0.03540653906096601 0.02795469471381276 0.03250091750853711 -0.009342254355505644
dep 1.4623870976271456 0.3548338570606768 0.0006148868568896672 1.072917578891353 0.42224317527471183 1.1419168628225098 0.4803221200280562 1.852277784077805 -1.913882228885792 0.33390599143044175 -1.7482218173922064 1.8289779917855074 -1.9724525449024206 -1.4291690918064517 0.7575753472191088 1.1125920639750484
dislocated 0.9051565689599367 0.9833074772997937 1.4037924200610254 1.2974161582944193 -0.3599688166072684 -0.06326691905761196 0.6529957559049713 2.3177165624163445 -0.892572723095944 1.6252885077492387 -2.45342466134572 1.4520115204924 -1.8927944011810736 -1.4586291064487478 -0.35051214408202447 1.359794456238911
