flat 0.64215463 -0.36445013 -0.41343942 -0.030429516 0.41085938 0.20931818 0.23245037 0.39420766 -0.66743195 -0.2801838 0.49951747 -0.5475928 -0.31588632 0.32873634 -0.24749942 -0.25834128
obj -0.90751433 0.76809525 0.00030761817 -0.2890924 -0.15028037 0.6554951 -0.7420971 -0.123813756 0.1631989 -0.17597339 -0.5146792 0.97820896 0.7860624 0.84679246 -0.34624708 0.7634172
conj 0.087478966 -0.011098228 0.038487755 0.04351934 0.05477424 0.05859811 -0.034325685 -0.013806089 0.020357253 0.057102576 0.08228147 0.056916583 -0.052142177 -0.09557072 -0.06845467 -0.041318595
nsubj -1.0819048 0.87792873 -0.2621147 -0.34361824 -0.25436297 0.70805544 -0.84074986 -0.38999212 -0.050419126 -0.36633033 -0.61605966 1.0062399 0.93324524 1.0003222 -0.61979175 0.83437335
obl -0.8127099 0.6386132 -0.016174095 -0.20747507 -0.11876187 0.5461037 -0.6740745 -0.15764582 0.23879279 -0.07610521 -0.4021347 0.88801014 0.7163439 0.74181867 -0.3276321 0.7568204
case 0.28224322 -0.30032095 -0.46233165 -0.42517254 -0.5893477 -0.5983616 0.30920625 -0.55590636 -1.064819 -0.61449075 -0.43576953 -0.8829066 -1.0166191 -0.8202452 -0.8281329 -1.2233917
punct -0.7228332 -0.30710456 -1.1328558 -1.2765036 -0.92474467 -0.91003895 -0.39281797 -0.956445 -1.2321168 -1.0237997 -0.6658571 -0.9564856 -0.18660559 -0.042543996 -0.9947743 -1.0388017
advmod -0.8410235 -0.1088439 -0.8520073 -0.76033807 -0.050263576 -0.071639016 -0.545111 -0.118138805 -0.94008833 0.007736489 -0.75595856 0.4091155 -0.24507545 0.7197669 -0.9844981 0.42369464
nmod 0.044241324 -0.032732602 -0.08961059 -0.05955103 -0.05904741 0.039513752 -0.013561923 -0.037112787 -0.016758667 -0.100511305 0.07917601 -0.0065374193 0.079377085 0.10071193 0.069831446 0.047472984
root 0.9844833 -0.00451632 1.0591686 0.999471 0.7568157 0.16309199 0.79720265 0.8351987 1.0153584 1.003694 0.92464197 0.24997702 0.06419259 0.013701945 1.2137876 0.40660512
advcl -0.0014389374 0.036339168 -0.007623026 -0.01899151 0.028492223 0.0051666927 0.036541045 0.0036801635 0.024503455 -0.002812667 0.038580015 0.008879532 0.02697319 -0.036954056 0.010207117 -0.0041697156
det 0.3822118 -0.5565848 -0.66536033 -0.41343358 -0.6103035 -0.8403592 0.52034456 -0.58486074 -0.72522074 -0.5353103 -0.45981786 -1.0780162 -0.27629495 -0.042552788 -0.564759 -0.8354836
ccomp -0.00362571 0.010781404 -0.07064815 0.03000326 0.0051733465 -0.043661244 0.043315213 0.0025741984 -0.012733133 -0.027710149 0.026068449 -0.045204572 0.04795244 -0.016371718 0.017674286 -0.035176832
acl 0.8103262 -0.62619793 -0.05555895 0.10120826 0.14428666 -0.59542334 0.69320613 0.1939689 -0.31242532 0.045926653 0.44425982 -0.82678753 -0.71020013 -0.6868868 0.34241498 -0.7577599
compound 0.0016946429 -0.0049002524 0.030666199 0.021612275 -0.030195303 -0.05940725 0.05172116 0.035249405 -0.0030747424 -0.049228232 0.06125496 -0.026516844 0.00965494 -0.009559167 -0.027013749 0.024645913
mark -0.7115085 0.32283327 -0.4521613 -0.791149 -0.62947434 0.09388985 -0.4007339 -0.1807282 -0.9983496 -0.33074936 -0.93966615 0.40941504 -0.13296637 0.38180944 -0.97020984 -0.17755297
amod 0.99903035 0.20956889 -0.65650624 -0.2816886 -0.11860938 -0.33202335 0.8082675 0.20850739 -0.96553266 0.28274223 -0.042314827 -0.798183 -0.68456215 0.11994137 0.4139118 -0.79066676
appos 0.06669943 0.12497653 0.109419055 -0.039834723 0.18387698 0.021818483 0.17921777 -0.028325522 -0.24210565 0.028255187 0.06457785 -0.26020363 0.1303352 0.10129709 0.071981706 -0.0033953649
nummod 0.8583166 -0.06582158 -0.5803656 0.4687309 0.24054399 -0.45410407 0.7665755 -0.1836572 -0.76531726 0.39842057 -0.3486709 -0.87045676 -0.46192583 -0.65363044 0.26837137 -0.30775633
cc -0.5057889 -0.8681994 -0.63356704 -1.1619626 -0.8995798 -0.6893676 -0.83902794 -0.66885746 -1.8478456 -0.99564844 -1.3346688 -0.67341274 -1.0675367 -0.0729829 -0.9191794 -1.3815905
xcomp -0.012728925 0.0068795085 -0.043600857 0.032836325 0.024132079 -0.0039411904 0.025446387 -0.020734737 0.00903934 0.028028024 0.013080042 -0.0119584 0.0301554 0.021230755 -0.021544853 0.016011886
cop -0.13095132 -0.6452608 -0.69222265 -0.97736645 -0.7699549 -0.8679269 -0.37161842 -0.5700747 -0.84359556 -0.93026954 -0.09596646 -1.1237167 -0.4618248 -0.14408416 -0.23533972 -1.1551845
fixed 0.4101214 -0.5761904 -0.6208721 0.16146815 0.28590167 0.3270268 0.36151043 0.4946161 -0.5994203 -0.5514216 0.87365335 -0.16762368 0.9545227 0.61589634 0.4648112 -0.37035587
parataxis -0.07058915 0.22881892 0.075909674 0.07525328 0.024849406 0.077595316 -0.1090479 -0.15639211 -0.028497323 -0.018936738 -0.042676724 0.10426584 0.22054893 -0.024777425 -0.107816525 0.04150438
csubj -0.017105903 -0.023988314 0.13480622 0.38510305 -0.066961914 0.7122847 -0.0776993 0.40794086 -0.17194292 0.13144878 0.15841174 1.1181216 0.8897281 0.82758564 -0.35842112 0.6397748
dep 0.07112663 -0.4908738 -0.018639196 -0.22389051 0.22134219 -0.008197501 0.24677752 -0.122483626 -0.62245584 -0.40727234 0.26646394 -0.28602722 0.019106265 -0.053268526 -0.2649054 -0.37690383
iobj -1.0750588 0.92256594 0.122801386 -0.81135595 -0.7092271 0.7171815 -0.52800447 0.39298466 0.39654186 -0.24377844 -0.3769028 1.1861826 0.9783585 0.8446655 0.06248396 0.9706412
aux -0.7248617 -0.19855428 -0.17088641 -0.5161661 -0.7678967 -0.72259897 -0.27659634 0.81485564 -0.80558497 0.4543138 0.10996972 0.39414498 -0.29241925 1.3253629 -0.08112774 0.85661966
NA -0.26455873 0.86388403 -0.028722178 -0.48397022 -0.020390566 -0.23475571 0.5523581 0.3510801 0.29543963 0.35221887 -0.2388295 0.46473914 1.170198 -0.09832314 -0.21286716 -0.15686198
