nsubj -0.3955542871649494 -0.5183259025338712 0.012708350944346272 -0.8589885850596137 0.32701692916227126 -0.7025531548815926 -0.7709996172143875 0.1852616242997742 -0.16549855374337766 -0.23572659421127612 0.5512748468328164 0.7302325039981996 0.8491265460650557 -0.7535619209542723 -0.2797541912913926 -0.9322564914890233
obj -0.39108024498245636 -0.5626682799241022 -0.02614170034391882 -0.8954395450154684 0.29820196125447523 -0.734045693678765 -0.7475383357864422 0.14140710037474252 -0.1557604997088478 -0.2446183515683908 0.6292908300437721 0.8271570703125395 0.9047325726856073 -0.8651880612553905 -0.27281854453820953 -0.9844311767242528
punct -0.7361647769825445 0.19964863456622198 -0.39170293867555306 -0.724098449209016 0.011322138697004155 -0.9656764172715717 -1.2753591178852373 0.3274242459842541 -0.6333593595101589 0.37715565249909605 0.4302251538016214 0.44292339675163767 1.0740832953013495 -0.054988314725768185 -0.899728140114031 -0.9639688355062971
ccomp 0.02676552621557875 -0.004623644391102388 -0.03228054840547752 0.02121386769864469 -0.03909200587173561 -0.04259239227640406 -0.0331184437396635 -0.05872275133466085 0.037391080998038985 0.05044015600837452 0.038928918050503816 0.02019100860827141 0.029518983535539077 -0.008032074725665864 -0.041989387309406274 0.04140164622565188
xcomp -6.671228769650688e-6 0.49277193973040206 0.16576004976423886 0.8870464433388849 -0.32865161582242225 0.6309469904530156 0.5613944024645909 -0.0526388931661572 -0.2533213780808964 0.14605846724096505 -0.7309936320083427 -0.8883966201921519 -0.8537400339852995 1.0931999863952415 -0.1943205130409211 0.9874544413818079
conj 0.024234239290011853 0.014226462945801469 0.016244480421178927 0.008592798516194001 0.012112562812004124 -0.0005614055752457998 -0.012915079640341597 -0.015545833437915931 0.004231294202489782 -0.018857370654226376 -0.013407448658916899 0.02222545181334352 -4.659358941892524e-5 0.005968935476725614 0.01097640809902738 0.005812045361910791
compound -0.13311905671605612 -0.049957439142216786 -0.1884234748102914 -0.17693533383193497 0.1317954942627234 -0.09261539179674726 0.08403689787827845 -0.1564712162264438 -0.26024075278423753 -0.17349264934432354 0.01172791889585685 0.07892083005463005 -0.2831095939074127 0.17380576770148204 -0.1784658138893437 0.11269308977128126
parataxis 0.018300257757023885 0.005210225804145285 -0.019033636601778186 -0.0021161123335405123 0.0022287691606320587 -0.06146749833922579 -0.03236498654154008 -0.028398631302298177 -0.0035192247946871295 0.05935672708489543 -0.04178303068392496 0.004884667494375914 -0.025820669775642367 0.07792581091682764 -0.0343067948442058 0.002540733583775028
advmod -0.04430932430787449 0.30222776658235 0.12379766498797025 -0.8806204659387717 0.24467429897230752 -0.8476005914717918 -0.9176698460987648 -0.5037870731141618 -0.05014111680291193 -0.261194365182949 -0.2763667107413485 -0.07192700841521321 1.0247357257159706 -0.5915102621784932 -0.4128133995632362 -0.442315951330646
root 0.601502397401152 0.32588583396049936 0.318432794789598 1.116078707736136 0.29996159923028853 0.9129299150196996 1.2713995507732143 0.033098683066214815 0.5299381359488535 -0.4367931436938288 -0.30060895895694584 -0.5733654839806651 -0.7101851389612884 -0.1562182694540225 0.4101326819531008 0.8847789072173946
nmod -0.20718439495811855 -0.08717841037075853 0.10223087242643614 -0.5827773452071853 0.20384491216464842 0.2609729438383924 -0.4525843461093335 0.4097832391568227 0.2277899349265745 -0.3815545779999747 0.4197942926557004 -0.029326527531751332 0.442900556085904 0.16534375321632017 -0.4062705145826179 -0.5773155345966527
advcl -0.3784437384286966 -0.6236113404006105 0.17816729529051967 -0.6876234645801477 0.18882948219941706 -0.8454884707754717 -0.3354321587955314 0.2748709407520426 -0.2986783658107475 0.15060249301139866 0.55126758338623 0.718890812725955 0.8886920101896839 -0.8501247688676088 0.16439295293506584 -0.9509337930839891
amod 0.5884982816280312 0.3277083367739995 0.2674542306532538 0.5978818732709186 -0.7581350134659444 0.9447521365056002 0.5619784146288744 -0.43057601010682267 -0.1633322109055033 -0.111419806949311 -0.6327598712253706 -1.0123677843128398 -0.8328513551253255 0.8653000804392823 0.21752152202859676 1.1707206464005542
aux -0.2241803107553045 -0.07052901622863177 0.09846661508372215 -0.9621468482175334 0.39921877588962834 -0.8985316023285986 -0.8040395298333471 -0.6067599800822706 0.15302397806106557 -0.39129241983504087 -0.40595216952737856 -0.021326796073782905 1.0477372929480067 -0.6593058959386474 -0.24714086525503257 -0.6316370060438031
det -0.06561579019591449 0.9767812525859039 -0.26058558058684117 0.12413558195595764 -0.2790370740385599 0.08942911304931436 -0.6865960096322 -0.1800542044727756 0.28069414207570004 0.38974503660548837 0.09047852559584163 -0.35353876520498845 0.15212030879151747 0.9432272588541691 -0.5186255407920572 0.7240994012274571
cc 0.22852363563811479 0.1401862044814771 0.4291599260259999 -0.9510478615322034 -0.4280228310285949 -0.5582523555249552 -1.1194783580014882 -0.3785998658297013 -0.3849961952139494 -0.25636087843839306 -0.5034816479829395 -0.22356445743321723 1.2027651993831927 -0.705468941267414 -0.9373382945356545 -0.24363548864796708
csubj -0.3206570668380829 0.4331405138710713 -0.15113895378336775 -0.04610117794198049 0.25826851248497334 0.446571704912781 -0.14882986775249685 -0.0980382895400975 0.2223086999524447 0.19546331806801306 0.05684793824435924 -0.12247766224186901 0.529913858741118 0.06108604951260765 0.07833219024367756 -0.40301667722896445
obl -0.4308492910806067 -0.5659449487109584 -0.08669577755486414 -0.9145137220834056 0.26654778439381915 -0.6250062521690618 -0.6865660934432614 0.1849880918911591 -0.09290403783611717 -0.21089940711866434 0.6313674061298281 0.792373734100226 0.8573814804770931 -0.8892609320108444 -0.3040967561717038 -1.0093772414877809
nummod 0.5028632688435124 0.8641299332972134 0.4339315305390794 -0.044975829289904706 -0.6327333828531819 0.30002552310001096 -0.3723069263383723 0.19752984608164376 0.07370190164701965 -0.3226461496731808 -0.7582191202811934 -0.7678167282355618 -0.41254588883482024 0.5329211090994903 0.29922464866581483 1.0993541329500465
discourse -1.6914516094745504 2.29536504790645 -0.02882647965337801 0.6298354718193133 0.611755948103991 0.5482233964821596 -0.4394983997161869 -1.5323564082620271 -0.47392400966398485 -0.11630515378651643 0.6211257508847777 0.9204129522302538 -0.5637855645914055 0.699296754099946 -0.656369569192308 -0.7254026770703167
case 0.5598641646041198 0.6798751556446729 0.17150308930234975 0.9091289122725514 -0.4203910801482554 0.43914794009694286 0.7039265302794677 -0.3693793412269345 -0.20096470452105628 0.3295074831455052 -0.7026176583998723 -0.7465322370292987 -0.9623736502611997 0.9292210404794601 0.004610769223080491 1.1413414242632278
dep 0.9392193420768169 -0.14319146015414358 -0.8174466975138025 -1.4076006023634213 0.006781576758335932 -0.9183937327125958 -2.133903911843521 1.1384778024850433 0.14617071898063996 -1.8237815052085167 -1.0962540987677007 -1.2781049433190552 -0.980597198465923 -0.12527471133195484 1.2503921718133166 -1.1353283233254035
cop 0.9773662850554947 0.31736144406540306 1.1858975425088036 -1.0320141420474322 -1.2470027425096053 0.26032007432284077 -1.0070212798788047 -0.2614628060294727 -0.5086089065898547 -0.23339614565219224 -1.6397051006100039 -1.6922273573679136 1.4348009583879076 0.40948020100524507 -2.0559600237547757 -0.0807343706936929
mark -0.07593937455757913 -0.023308774412935062 0.03847398531798015 0.059143219348830454 0.03960758913281429 0.06880263755799035 0.00699797977188876 -0.002094859047888287 -0.04882417749472779 -0.04257170814351519 0.044855921008379346 -0.04467344844575666 0.007547327539431321 0.031649777967776384 -0.015528730951144631 -0.06875569496381806
appos -0.45048276808914944 0.19328833397431075 0.47748253283467673 0.056738616081367786 -0.27479169817554694 0.8399885731491037 -0.0642379861260637 -0.1784936495510458 1.038709031397375 0.9208694201907232 -0.4083446621303411 0.23580760173207116 0.875025812285932 0.10851968816512592 -0.794782811316541 0.2002375853952002
list -1.3073758245512932 -0.5023798806772947 0.18520544703131384 0.16588860943084732 1.7869322867573691 -0.7608755854507078 -0.6116072138181251 1.195575829935619 -0.5231259207596086 -0.3246409935312935 -0.6062560960168223 0.4379868060599829 0.03704063448948508 0.04155442916752298 -1.005827573644867 0.372591561555028
iobj 1.6862461445797385 0.739728855686911 -0.7479840333658847 0.6370370975994386 1.6699015468820555 -1.823633419649539 0.152415469322836 0.8938414268015669 -0.8345736746357909 -2.225829349043787 1.9586641894892398 2.379857955401448 1.618897106830911 -0.445646270687141 -0.25996478577026544 -1.3142057595944496
NA 0.4400678936104614 0.5173523514711461 -0.7246355006238879 0.014364995789050806 -0.804948021949587 0.18429586993547542 0.004831732739284046 0.33319044676339993 -0.17401308692945514 0.55739794429377 0.7059098447019303 -0.412075095822613 -0.7421974501935517 1.8168556101373838 -0.9244462781049766 0.3035180908983689
vocative 1.0234228654940798 1.486967070046694 0.8564342780162036 1.917479846267807 -0.4187636142312304 0.7931413132659623 1.4661947109040325 -0.31476438101736404 -0.3783657080984318 1.012682634565886 -1.331556309054138 -1.4025560822651204 -0.04429484181018373 0.414403888275961 1.4446562565888177 1.6853366171824609
